# morbus weapon/ammo placement overrides - Thank TTT for this lua code
# For map: mor_lorica_v1
# Exported by: Kitty Supreme
setting:	replacespawns 1
weapon_mor_sc7	-514.776672 -2260.905762 97.317825	0.125 -4.842 87.498
weapon_mor_sc7	-508.832764 -2244.613037 97.296837	0.318 -4.823 87.176
weapon_mor_sc7	82.103920 -3654.662354 90.370026	-0.062 -5.641 88.008
weapon_mor_sc7	-687.726685 -676.319824 41.305592	0.238 -4.823 87.311
weapon_mor_sc7	-931.024963 66.840729 100.295128	0.334 -4.824 87.150
weapon_mor_sc7	-1056.680908 231.068146 -830.705994	0.345 -4.823 87.132
need_piss	-370.891846 -13.610048 111.944756	-0.000 89.434 -90.016
need_piss	-371.420013 -79.865433 111.947815	-0.000 91.679 -90.006
need_piss	-372.142487 -149.059723 111.908432	0.038 89.979 -89.964
need_piss	-370.059174 -217.267273 111.824547	-0.001 89.340 -90.117
need_piss	-1189.832031 -14.293596 111.866631	-0.141 -89.091 -90.053
need_piss	-1189.960205 -217.881241 111.914513	0.000 -90.000 -90.113
need_piss	-1189.937622 -149.546753 111.900154	0.000 -90.000 -90.159
need_piss	-1188.650879 -80.288406 111.887695	-0.028 -91.247 -89.987
mor_random_ammo	-335.332306 -973.448059 -831.549255	-1.501 -0.034 1.822
mor_random_ammo	-314.507385 -974.449585 -831.610229	-0.278 -0.001 0.281
mor_random_ammo	-324.740814 -981.001282 -831.654602	-0.049 -0.000 -0.019
mor_random_ammo	-1117.449585 -1410.571533 -831.543213	-1.312 -0.032 1.593
mor_random_ammo	-1106.193481 -1422.186523 -831.646606	0.055 0.000 -0.007
mor_random_ammo	-1110.678345 -1400.640015 -831.614014	-0.222 -0.001 0.211
mor_random_ammo	-444.611145 -2324.825439 -831.553040	1.045 -0.027 -1.269
mor_random_ammo	-465.616425 -2302.174072 -831.575500	1.523 -0.036 -1.849
mor_random_ammo	-477.511627 -2316.748535 -831.627258	0.110 -0.000 -0.070
mor_random_ammo	-1163.604736 -2604.810791 -831.557251	1.140 0.029 1.382
mor_random_ammo	-1134.939819 -2613.904297 -831.605896	0.965 0.012 1.121
mor_random_ammo	-1127.466553 -2598.451172 -831.628967	0.099 0.000 0.056
mor_random_ammo	123.462532 -2374.865723 -760.608704	0.543 0.004 0.606
mor_random_ammo	97.753853 -2381.094482 -760.628967	0.100 0.000 0.057
mor_random_ammo	116.024055 -2396.335938 -760.650940	0.051 0.000 -0.014
mor_random_ammo	-524.737549 -2769.593262 -760.679871	0.047 0.000 -0.034
mor_random_ammo	-531.139099 -2748.697510 -760.553101	1.001 0.026 1.208
mor_random_ammo	-597.143738 -3085.652344 64.391220	0.548 0.004 0.612
mor_random_ammo	-586.687927 -3091.903564 64.327858	0.047 0.000 -0.031
mor_random_ammo	-567.394043 -3079.003906 64.361542	0.067 0.000 0.012
mor_random_ammo	-595.135864 -3064.744873 64.369164	0.092 0.000 0.046
mor_random_ammo	-1105.720337 -3771.965088 64.379425	0.172 0.001 0.148
mor_random_ammo	-1117.161865 -3755.498047 64.365425	0.077 0.000 0.026
mor_random_ammo	-1127.015381 -3766.786133 64.468132	0.597 0.021 0.725
mor_random_ammo	-597.273132 -4499.577637 88.435310	1.266 -0.031 -1.534
mor_random_ammo	-588.684509 -4479.224609 88.353348	0.055 0.000 -0.007
mor_random_ammo	-608.215942 -4493.526367 88.372688	0.111 -0.000 -0.071
mor_random_ammo	279.008514 -3189.907959 64.353348	0.055 0.000 -0.007
mor_random_ammo	281.208954 -3200.861084 64.382484	0.219 0.001 0.207
mor_random_ammo	-989.346191 -664.958130 64.351212	0.053 0.000 -0.011
mor_random_ammo	-996.019714 -670.558594 64.379448	0.168 0.001 0.144
mor_random_ammo	-1361.406738 -452.879913 64.360550	-0.064 -0.000 0.007
mor_random_ammo	-889.211365 9.147851 99.476646	0.387 0.019 0.468
mor_random_ammo	-904.186584 6.389744 99.427254	1.501 0.034 1.823
mor_random_ammo	-883.329956 26.144493 99.394455	1.112 0.015 1.299
mor_random_ammo	-904.630432 21.360142 99.383957	0.245 0.001 0.239
mor_random_ammo	-322.081238 -271.990173 64.415039	0.059 -0.895 -0.089
mor_random_ammo	-314.426941 -295.792480 64.427483	1.531 0.036 1.862
mor_random_ammo	-328.206665 -276.575165 64.372681	-0.095 0.152 -0.193
mor_random_ammo	-327.171051 -291.020020 64.355453	0.058 0.000 -0.003
mor_random_ammo	246.934464 -581.908752 64.377823	0.153 0.001 0.125
mor_random_ammo	224.224701 -553.179321 64.459717	0.784 0.023 0.952
mor_random_ammo	286.547455 -153.011536 112.658813	-68.942 -178.856 -164.484
mor_random_ammo	-464.342590 283.022430 -831.605835	0.959 0.011 1.113
mor_random_ammo	-479.725769 289.613922 -831.636475	0.072 0.000 0.019
mor_random_ammo	-469.491119 294.496429 -831.605103	1.448 0.025 1.708
mor_random_ammo	606.652954 -1234.126953 -831.645752	-0.055 -0.000 -0.007
mor_random_ammo	640.532104 -1246.218750 -831.621643	-0.137 -0.000 0.105
mor_random_ammo	1640.240356 -1344.951172 -831.557495	1.118 0.028 1.352
mor_random_ammo	1614.708252 -1332.895996 -831.628967	0.100 0.000 0.057
mor_random_ammo	1622.052979 -1322.927734 -831.608643	0.533 0.004 0.594
mor_random_ammo	776.502014 -2327.675049 -831.613342	0.322 0.002 0.334
mor_random_ammo	773.997253 -2305.180176 -831.682495	0.047 0.000 -0.035
mor_random_ammo	787.307861 -2310.439697 -831.642456	0.060 0.000 0.001
mor_random_ammo	-155.992661 -1931.190674 -831.628967	0.100 0.000 0.056
mor_random_ammo	-152.128906 -1941.311035 -831.612000	0.359 0.002 0.381
mor_random_ammo	-142.206573 -1936.751343 -831.605164	1.449 0.025 1.709
mor_random_ammo	1702.630981 -2082.801758 -831.570496	1.458 0.034 1.771
mor_random_ammo	1697.385254 -2065.080078 -831.615967	0.239 0.001 0.232
mor_random_ammo	1706.047607 -2070.348389 -831.657654	0.048 0.000 -0.021
mor_random_ammo	1703.103149 -2050.532715 -831.607849	0.635 0.005 0.718
mor_random_ammo	1765.229126 -42.155750 -831.612000	0.359 0.002 0.380
mor_random_ammo	1769.819336 -52.918182 -831.607849	0.631 0.005 0.714
mor_random_ammo	1686.876953 -121.565132 -831.655396	0.049 0.000 -0.019
mor_random_ammo	1707.595337 -126.410316 -831.567017	1.370 0.033 1.663
mor_random_ammo	-804.700012 -2470.705811 175.436142	1.312 0.032 1.593
mor_random_ammo	-804.476318 -2455.791016 175.449493	1.014 0.027 1.232
mor_random_ammo	-1211.569458 -2315.513428 175.464615	-0.696 0.018 -0.710
mor_random_ammo	-1202.479248 -2324.601318 175.362701	-0.334 -0.000 0.026
mor_random_ammo	-1197.486206 -2308.181885 175.380142	-0.153 0.001 -0.125
mor_random_ammo	-1153.247925 -2373.842773 175.384415	1.309 0.013 1.162
mor_random_ammo	-1164.732666 -2361.415283 175.379333	0.170 -0.001 -0.146
mor_random_ammo	-1148.281372 -2360.284424 175.423294	1.567 0.040 1.900
mor_random_ammo	-1110.341675 -2416.750732 175.443893	0.697 0.018 0.817
mor_random_ammo	-1119.340088 -2407.752686 175.384064	0.507 0.002 0.423
mor_random_ammo	-1100.031006 -2398.373535 175.361557	0.066 0.000 0.011
mor_random_ammo	-1117.327026 -1017.815430 64.355446	0.057 0.000 -0.004
mor_random_ammo	-1106.577393 -1012.528137 64.372749	0.111 0.000 0.071
mor_random_ammo	-1401.096069 -1916.015869 64.372551	-0.100 -0.000 0.057
mor_random_ammo	-1383.989136 -1906.212036 64.343063	-0.048 -0.000 -0.021
mor_random_ammo	-1793.392090 -1313.385986 64.394974	1.429 0.024 1.685
mor_random_ammo	-1803.091919 -1319.984985 64.374496	0.121 0.000 0.084
mor_random_ammo	-1781.406616 -1317.677124 64.394569	1.095 0.015 1.278
mor_random_ammo	-1535.920532 -233.302551 64.363503	0.072 0.000 0.019
mor_random_ammo	-1557.347778 -236.440903 64.337639	0.047 0.000 -0.025
mor_random_ammo	-1554.428711 -258.940613 64.325317	0.047 0.000 -0.032
mor_random_ammo	-17.971695 -341.868683 64.392105	0.634 0.005 0.716
mor_random_ammo	-8.593771 -338.531067 64.344589	0.049 0.000 -0.019
mor_random_ammo	-33.692078 -323.755066 64.359543	0.063 0.000 0.006
mor_random_ammo	-14.237064 -2493.343750 64.349037	0.051 0.000 -0.014
mor_random_ammo	-4.811293 -2485.002686 64.418198	1.600 0.036 1.932
mor_random_ammo	10.198277 -2511.271240 64.370987	0.099 0.000 0.056
weapon_mor_lz400	-546.467041 -2456.108154 175.475327	-2.442 -18.127 85.815
item_ammo_smg1_mor	-1257.773926 -2144.617676 96.497147	-0.161 0.039 0.213
item_ammo_smg1_mor	-1245.427124 -2144.297852 96.424423	0.536 -0.004 0.348
item_ammo_smg1_mor	-1233.184326 -2145.782959 96.527809	-0.575 0.061 -0.140
item_ammo_smg1_mor	-1257.739990 -2172.261230 96.534470	0.459 0.359 0.504
item_ammo_smg1_mor	-1245.417480 -2170.899170 96.547050	-0.307 0.649 -0.094
item_ammo_smg1_mor	-1233.392212 -2171.644531 96.523598	-0.141 0.351 0.174
item_ammo_smg1_mor	-1257.625732 -2197.955078 96.529800	0.248 -0.671 0.001
item_ammo_smg1_mor	-1245.439819 -2198.123291 96.530006	0.341 0.314 0.399
item_ammo_smg1_mor	-1233.101685 -2198.602051 96.523773	-0.723 0.342 -0.212
item_ammo_smg1_mor	-818.380981 -1302.724854 40.533619	0.162 0.310 0.140
item_ammo_smg1_mor	-800.152039 -1302.136475 40.484451	0.119 0.810 0.389
item_ammo_smg1_mor	-785.217957 -1301.770142 40.475876	0.071 0.988 0.202
item_ammo_smg1_mor	-675.211975 8.587502 99.406555	0.212 -0.005 0.131
item_ammo_smg1_mor	-662.555054 6.310910 99.505356	-0.595 0.011 -0.460
item_ammo_smg1_mor	-650.268127 8.560308 99.505356	-0.595 0.011 -0.459
item_ammo_smg1_mor	-1236.031250 -297.502228 64.520828	-0.229 0.015 -0.199
item_ammo_smg1_mor	-1222.451538 -299.591522 64.475403	0.562 -0.014 0.253
item_ammo_smg1_mor	-1209.933594 -298.945251 64.514648	-0.258 0.012 -0.226
item_ammo_smg1_mor	-1540.582397 -1368.615356 64.508095	-0.361 0.011 -0.294
item_ammo_smg1_mor	-1560.848999 -1370.022095 64.476471	0.555 -0.081 0.251
item_ammo_smg1_mor	-1576.716309 -1368.657959 64.399284	0.152 -0.005 0.090
item_ammo_smg1_mor	-575.367798 949.813782 -703.481140	0.254 -0.015 -0.218
item_ammo_smg1_mor	-558.480103 947.639343 -703.598206	-0.170 0.005 0.102
item_ammo_smg1_mor	-542.902344 944.577209 -703.517517	0.382 0.001 -0.369
item_ammo_smg1_mor	-4298.716797 -979.907959 -831.496460	-0.660 0.011 -0.498
item_ammo_smg1_mor	-4272.057617 -976.040527 -831.538818	0.063 0.063 0.265
item_ammo_smg1_mor	-4892.398926 -1271.441772 -831.486084	-0.264 0.012 -0.230
item_ammo_smg1_mor	-4907.451660 -1269.804688 -831.456116	-0.044 -0.013 -0.103
item_ammo_smg1_mor	-4919.554199 -1273.626587 -831.473267	0.008 0.011 0.072
item_ammo_smg1_mor	-5497.872070 -537.195129 -935.543274	0.302 -0.003 0.211
item_ammo_smg1_mor	-5477.399902 -539.377014 -935.470520	-0.180 0.016 -0.157
item_ammo_smg1_mor	-5457.203613 -538.497375 -935.584229	0.333 -0.005 0.212
item_ammo_smg1_mor	2341.042725 -1652.733521 -791.593445	0.214 -0.005 0.132
item_ammo_smg1_mor	2324.108887 -1654.756104 -791.608337	0.109 -0.005 0.061
item_ammo_smg1_mor	2308.524658 -1653.498413 -791.520508	0.206 0.000 0.021
item_ammo_smg1_mor	-514.492859 -4051.297607 129.531464	0.067 -1.042 -0.033
item_ammo_smg1_mor	-526.487732 -4047.667480 129.476761	0.112 -1.127 0.022
item_ammo_smg1_mor	-538.466309 -4048.449219 129.521744	-0.726 -0.145 0.410
item_ammo_smg1_mor	-979.996094 -4418.111816 88.480141	0.211 0.000 0.022
item_ammo_smg1_mor	-965.872559 -4420.754395 88.424416	0.532 -0.004 0.345
item_ammo_smg1_mor	-952.181274 -4422.724121 88.434570	0.945 -0.000 0.621
item_ammo_smg1_mor	-1115.453613 -2261.910156 96.470230	-0.883 0.161 -0.299
item_ammo_smg1_mor	-1114.397217 -2239.659424 96.477150	-0.016 -0.032 -0.007
item_ammo_smg1_mor	-1098.811890 -2261.798096 96.517891	-0.985 0.412 -0.346
item_ammo_smg1_mor	-1100.435791 -2241.990479 96.397476	0.185 -0.003 0.084
item_ammo_smg1_mor	-1082.636353 -2261.847412 96.477470	0.356 0.378 0.662
item_ammo_smg1_mor	-1082.759521 -2242.104980 96.499886	-1.122 0.196 -0.309
mor_random_rifle	-1035.509766 -4042.417236 129.807785	2.050 -6.313 83.371
mor_random_rifle	-1822.557495 -3229.556885 64.863136	2.132 -5.695 83.910
mor_random_rifle	-229.527863 -3125.850830 64.866646	2.078 8.099 83.948
mor_random_rifle	-11.356371 -2305.481201 64.864639	2.113 -5.691 83.896
mor_random_rifle	-312.563080 -2098.055908 96.859657	1.789 -5.242 83.994
mor_random_rifle	-312.629517 -2086.428223 97.000031	0.237 -5.326 83.723
mor_random_rifle	-312.641479 -2125.410645 96.945030	0.893 -6.972 82.813
mor_random_rifle	-312.666138 -2116.268799 97.161232	-0.940 -7.584 75.298
mor_random_rifle	-773.175354 -822.122559 40.864475	2.115 -5.692 83.897
mor_random_rifle	-638.892944 59.104237 99.866753	2.086 -5.687 83.875
mor_random_rifle	225.090790 -7.781589 64.864471	2.115 -5.692 83.897
mor_random_rifle	-1113.898315 977.523071 -831.135925	2.121 -5.693 83.902
mor_random_rifle	-1121.657715 -339.229614 -831.128784	2.043 -4.975 83.849
mor_random_rifle	-1121.632813 -1881.207397 -830.412903	-6.828 -0.422 1.849
mor_random_rifle	593.180054 -2273.800537 -831.129822	2.044 7.259 83.841
mor_random_rifle	1639.559814 -841.961060 -831.152649	2.046 -5.688 83.669
mor_random_rifle	1709.860229 -1601.928711 -831.144104	2.066 0.315 83.822
mor_random_rifle	1710.439575 -625.674377 -830.965759	2.292 3.976 -84.886
mor_random_rifle	89.387321 -1230.513306 -831.137878	2.145 -5.699 83.921
mor_random_rifle	-1643.726929 -2708.559082 -688.134155	2.098 -5.688 83.884
mor_random_rifle	1197.790283 -814.074219 -831.136414	2.127 -5.695 83.906
info_alien_spawn	-1092.121338 -1520.276367 564.509460	-0.130 0.000 -0.130
info_alien_spawn	-1017.272339 -1529.497681 564.536926	-0.090 0.000 -0.090
info_alien_spawn	-941.598206 -1525.304443 564.512146	-0.126 0.000 -0.126
info_alien_spawn	-669.413330 -1547.335938 564.561646	0.055 -0.000 -0.054
info_alien_spawn	-594.339600 -1539.560181 564.562744	0.054 -0.000 -0.053
info_alien_spawn	-512.235474 -1542.965332 564.569336	-0.042 -0.000 -0.046
info_alien_spawn	-521.681885 -1664.533325 564.580444	-0.002 0.499 -0.064
info_alien_spawn	-586.224487 -1671.307373 564.527771	0.103 -0.000 -0.103
info_alien_spawn	-661.935974 -1681.592529 564.535034	0.093 -0.000 -0.093
info_alien_spawn	-947.245361 -1688.589966 564.561035	0.056 -0.000 -0.055
info_alien_spawn	-1025.898682 -1692.106445 564.562744	-0.119 -1.225 -0.001
info_alien_spawn	-1099.118530 -1697.481201 564.578979	-0.067 -1.830 0.000
info_alien_spawn	-489.034729 -2120.335693 564.536011	0.092 -0.000 -0.092
info_alien_spawn	-578.719788 -2102.141846 564.548157	0.074 -0.000 -0.074
info_alien_spawn	-633.996460 -2100.496582 564.554016	0.066 -0.000 -0.065
info_alien_spawn	-1049.642090 -2098.369385 564.535034	0.093 -0.000 -0.093
info_alien_spawn	-986.585815 -2097.639404 564.513489	0.124 -0.000 -0.124
info_alien_spawn	-899.873901 -2104.271729 564.535034	0.093 -0.000 -0.093
info_alien_spawn	-854.077332 -2107.906494 564.527771	0.103 -0.000 -0.103
info_alien_spawn	-757.601257 -2101.932617 564.533020	0.096 -0.000 -0.096
info_alien_spawn	288.111938 -2270.179443 -653.421448	0.031 0.000 -0.037
info_alien_spawn	704.574402 -2250.404785 -653.448303	0.076 0.000 -0.077
info_alien_spawn	1543.259399 -1745.766724 -702.320618	0.050 -0.000 -0.050
info_alien_spawn	-1758.985229 98.698334 -653.434998	0.057 -0.000 -0.054
info_alien_spawn	-3123.726074 -163.080231 -702.331604	-0.067 -0.000 0.067
info_alien_spawn	-1402.182983 231.932663 -403.447601	0.074 0.000 -0.077
info_alien_spawn	-166.579727 248.896957 -403.452118	0.082 0.000 -0.084
info_alien_spawn	-1300.398926 -2418.073975 -407.424194	-0.001 -0.590 -0.092
info_alien_spawn	-718.080322 -2404.179199 -407.444183	0.068 0.000 -0.072
info_alien_spawn	-788.843994 -1927.926025 564.565979	0.049 -0.000 -0.048
info_alien_spawn	-876.819214 -1925.797119 564.533997	0.094 -0.000 -0.094
info_alien_spawn	-781.378723 -1830.257080 564.566345	0.001 1.266 0.107
info_alien_spawn	-914.748962 -1824.930542 564.580750	0.000 1.180 0.061
info_alien_spawn	-1457.072388 -2401.341309 -688.423096	0.019 0.000 -0.054
mor_random_weapon	-817.246338 -2435.822510 176.199921	1.876 4.716 -92.595
mor_random_weapon	-1093.273804 -2420.749268 176.202332	1.771 4.626 -92.746
mor_random_weapon	-1129.585083 -2381.991455 176.198441	1.893 4.717 -92.556
mor_random_weapon	-1170.374756 -2344.085938 176.220108	1.649 3.537 -93.116
mor_random_weapon	-1096.710205 -1029.631470 65.237450	1.452 4.668 -93.566
mor_random_weapon	-1422.940796 -1909.937256 65.195328	1.928 4.718 -92.476
mor_random_weapon	-1792.862915 -1292.719971 65.198433	1.893 4.717 -92.557
mor_random_weapon	-1555.880493 -251.033447 65.224075	1.604 4.689 -93.219
mor_random_weapon	9.458854 -330.140533 65.217506	1.678 4.699 -93.049
mor_random_weapon	15.274590 -2496.020752 65.226807	1.573 4.686 -93.290
item_ammo_battery_mor	-1821.667969 990.723389 -621.908386	0.026 -0.095 0.209
item_ammo_battery_mor	-1804.239258 1000.648865 -621.927490	0.030 -0.094 0.243
item_ammo_battery_mor	-1824.564575 963.436646 -621.917542	0.028 -0.095 0.226
item_ammo_battery_mor	-972.197205 229.165665 -397.884644	0.020 -0.096 0.167
item_ammo_battery_mor	-959.900085 252.409317 -397.906616	0.025 -0.095 0.206
item_ammo_battery_mor	-1005.565369 237.469406 -397.876556	0.019 -0.096 0.152
item_ammo_battery_mor	-757.915405 -2455.212402 181.088028	0.026 -0.094 0.216
item_ammo_battery_mor	-756.409424 -2438.960693 181.078568	0.029 -0.094 0.232
item_ammo_battery_mor	-755.108154 -2424.335693 181.120804	0.019 -0.096 0.157
item_ammo_battery_mor	-2515.389160 97.179375 -583.862488	0.016 -0.096 0.127
item_ammo_battery_mor	-2528.392578 96.059723 -583.908386	0.026 -0.095 0.209
item_ammo_battery_mor	-2538.942383 92.644669 -583.828247	0.353 -0.910 2.346
item_ammo_battery_mor	-999.869324 174.522888 -825.904907	0.025 -0.095 0.203
item_ammo_battery_mor	-997.714722 159.098129 -825.964661	0.038 -0.088 0.310
item_ammo_battery_mor	-977.875854 158.112717 -825.908386	0.026 -0.095 0.209
item_ammo_battery_mor	-902.040649 -2254.249268 102.096794	0.025 -0.095 0.200
item_ammo_battery_mor	-918.439636 -2255.260254 102.152786	0.012 -0.096 0.100
item_ammo_battery_mor	-932.496338 -2255.479004 102.084320	0.027 -0.094 0.222
item_ammo_battery_mor	-932.327942 -2236.212646 102.131966	0.017 -0.096 0.137
item_ammo_battery_mor	-916.620056 -2234.596436 102.067444	-0.051 0.108 0.526
item_ammo_battery_mor	-900.951294 -2230.548584 102.111862	0.005 -0.089 -0.176
item_ammo_battery_mor	-611.896729 -926.421143 46.118111	0.020 -0.096 0.162
item_ammo_battery_mor	-324.710632 50.760643 70.058571	0.028 -0.068 0.451
item_ammo_battery_mor	-328.055511 37.925804 70.051605	0.029 -0.064 0.471
item_ammo_buckshot_mor	-818.934143 -1615.286499 40.405563	-1.036 -0.007 0.831
item_ammo_buckshot_mor	-806.359070 -1615.074463 40.350479	0.838 0.002 -0.671
item_ammo_buckshot_mor	-532.743286 78.708694 99.380455	-0.069 0.002 0.144
item_ammo_buckshot_mor	-547.432251 78.159935 99.386208	-1.005 -0.011 0.896
item_ammo_buckshot_mor	-560.328857 78.743431 99.328896	0.282 0.003 -0.216
item_ammo_buckshot_mor	-408.733337 1002.491089 -831.628052	0.765 -0.120 -0.530
item_ammo_buckshot_mor	-420.179138 1007.078857 -831.588745	-0.780 -0.004 0.699
item_ammo_buckshot_mor	-404.461334 984.107056 -831.596252	-0.857 -0.010 0.762
item_ammo_buckshot_mor	2341.087158 -2113.768066 -831.661987	0.451 0.004 -0.354
item_ammo_buckshot_mor	2325.908936 -2115.767334 -831.608154	-0.982 0.004 0.869
item_ammo_buckshot_mor	2308.935303 -2113.180908 -831.554871	-0.528 -0.006 0.470
item_ammo_buckshot_mor	-1062.128052 -2265.475830 96.460663	-0.427 -0.005 0.347
item_ammo_buckshot_mor	-1062.182251 -2248.111084 96.374321	0.751 -0.022 -0.518
item_ammo_buckshot_mor	-1048.914063 -2266.488770 96.445999	1.350 -0.011 -0.365
item_ammo_buckshot_mor	-1050.195313 -2250.250244 96.467346	-0.357 -0.006 0.316
item_ammo_buckshot_mor	-1036.363281 -2266.433838 96.466087	1.128 -0.102 -0.276
item_ammo_buckshot_mor	-1036.598999 -2249.831299 96.384254	-0.781 -0.007 0.717
item_ammo_buckshot_mor	-1021.654541 -2266.412842 96.451408	1.470 -0.075 -0.352
item_ammo_buckshot_mor	-1020.784668 -2250.824219 96.395432	-0.952 -0.004 0.843
weapon_mor_mars	-5486.375000 -1713.235962 -934.871765	-0.390 14.615 86.965
weapon_mor_mars	-2530.657715 -517.568420 -830.856567	-0.368 17.410 87.316
weapon_mor_mars	-645.914429 963.996704 -830.874512	-0.436 7.488 87.060
weapon_mor_mars	-1024.954956 78.031792 100.133362	-0.382 17.409 87.077
weapon_mor_mars	-663.242554 -2114.039307 97.117996	-0.403 17.406 86.713
weapon_mor_mars	-664.004578 -2138.076416 97.130058	-0.387 17.408 86.999
weapon_mor_mars	-665.888062 -2161.978516 97.107018	-0.418 16.889 86.453
weapon_mor_mars	-1036.053223 -4126.750000 130.118622	-0.402 17.407 86.728
weapon_mor_mars	1853.195313 -1384.383301 -794.876831	-0.396 17.407 86.835
need_food	1770.186768 -1820.828369 -784.138062	0.001 90.033 -89.998
need_food	1764.268799 -1731.659302 -784.116150	0.042 -0.068 90.000
need_food	1764.148926 -1548.639282 -784.070251	-0.000 0.087 -90.064
need_food	1764.253052 -1462.816528 -784.054688	0.033 -0.046 -90.059
need_food	1764.093628 -1368.718872 -784.087891	0.020 0.048 89.911
need_food	1771.603394 -1903.392700 -784.164368	0.010 90.539 -89.990
need_food	1764.265991 -317.417267 -784.084534	-0.038 0.057 89.964
need_food	1764.170410 -399.409515 -784.057617	-0.012 -0.079 89.976
need_food	1770.199341 -489.399139 -784.050171	-0.000 -90.000 90.000
need_food	1770.193481 -684.014038 -784.048035	0.000 -90.000 89.993
need_food	1764.145874 -845.508606 -784.050171	-0.000 0.075 90.000
need_food	1770.126831 -765.620483 -784.075684	-0.060 -89.848 89.999
need_wash	-5319.923340 -580.311584 -907.886902	89.988 89.979 180.000
need_wash	-5320.279785 -590.238281 -865.977478	-0.020 -92.781 -0.053
need_wash	-5195.395508 -591.088379 -913.790222	0.002 -88.635 -0.008
need_wash	-5197.052734 -590.445984 -865.841309	0.005 -87.879 -0.008
need_wash	-5440.915039 -592.652222 -907.801819	89.952 90.711 180.000
need_wash	-5447.181641 -598.777039 -865.902222	0.068 -91.586 0.031
need_wash	-4859.325195 -589.424500 -913.759216	-0.077 89.974 -0.025
need_wash	-4862.575195 -584.045166 -860.016052	-89.945 -89.787 180.000
need_wash	-4733.914551 -603.900513 -865.561096	-0.893 90.077 -0.037
need_wash	-4738.148438 -603.225891 -913.734802	0.070 -90.988 0.001
need_wash	-4860.153320 -1619.448608 -913.706543	0.126 -89.949 -0.063
need_wash	-4861.669922 -1620.430054 -865.842407	0.168 -90.409 -0.071
need_wash	-4735.083984 -1613.673828 -913.793823	-0.018 -90.009 -0.025
need_wash	-4736.602539 -1614.497192 -865.943909	0.013 -90.674 -0.020
need_wash	-5193.367188 -1624.168457 -913.744934	0.092 -90.029 0.000
need_wash	-5191.004883 -1624.043091 -865.935181	0.129 -88.325 -0.012
need_wash	-5316.707520 -1614.123413 -913.734375	-0.071 -90.163 -0.002
need_wash	-5314.996582 -1609.358032 -865.907715	0.008 -90.031 -0.008
need_wash	-5437.122559 -1616.067871 -907.819702	-89.999 90.155 180.000
need_wash	-5436.868164 -1609.825317 -865.912964	0.101 -89.364 0.005
need_bed	-1598.751221 -3734.089844 82.293549	-0.000 0.096 0.000
need_bed	-1726.527344 -3734.052979 82.293541	-0.055 -0.028 -0.028
need_bed	-1478.830566 -3734.040771 82.293442	-0.183 -0.091 0.092
need_bed	-1346.091187 -3734.050049 82.293549	-0.000 -0.000 0.000
need_bed	-1408.312256 -3732.630127 154.669708	0.005 -0.509 -4.343
need_bed	-1534.448486 -3733.001221 161.090958	-87.047 73.889 -73.992
need_bed	-1673.198975 -3732.111084 154.560394	-0.017 -0.134 -4.343
need_bed	-1792.509521 -3732.014648 154.537598	0.001 -0.466 -4.340
need_bed	-213.617554 -3734.126709 82.286552	0.057 -0.160 -0.020
need_bed	-98.222404 -3734.086670 82.329025	-0.148 0.000 0.117
need_bed	32.035877 -3734.041504 82.293488	-0.131 0.016 -0.066
need_bed	160.404312 -3733.962891 82.279366	-0.034 -0.167 -0.000
need_bed	221.354507 -3734.268799 167.995834	0.000 0.000 0.000
need_bed	89.124237 -3729.833008 154.515076	-0.018 1.378 -4.314
need_bed	-157.860916 -3732.079590 154.737396	-0.009 0.723 -4.446
need_bed	-35.794746 -3732.710449 154.681732	-0.174 0.150 -4.442
weapon_glowstick	-1252.728882 -2014.009399 102.980263	-0.546 0.844 -0.120
weapon_glowstick	-1237.414795 -2014.468018 102.995506	-0.477 0.854 -0.105
weapon_glowstick	-1253.145508 -2023.246216 102.945122	-0.707 0.765 -0.155
weapon_glowstick	-1238.419800 -2022.524048 103.004562	-0.436 0.866 -0.096
weapon_glowstick	-852.971313 -1152.017212 46.988987	-0.507 0.853 -0.111
weapon_glowstick	-617.605957 -682.516296 46.974705	-0.572 0.833 -0.125
weapon_glowstick	-901.460999 -33.584644 106.046883	2.177 0.050 1.568
weapon_glowstick	-908.425293 -22.120077 105.952003	-0.675 0.798 -0.148
weapon_glowstick	3.064846 -1081.435913 70.993912	-0.484 0.854 -0.106
weapon_glowstick	-169.851715 -3658.463623 96.053810	-0.179 -0.094 -0.082
weapon_glowstick	-608.803284 -3938.366455 135.985565	-0.522 0.844 -0.115
weapon_glowstick	-596.804260 -3942.863037 136.023911	-0.347 0.876 -0.076
weapon_glowstick	-1533.881470 -3657.124268 95.971786	-0.359 -0.131 -0.164
weapon_glowstick	-1571.478516 -1207.387817 70.952003	-0.675 0.798 -0.148
weapon_glowstick	-1121.644653 361.186584 -824.950623	-0.231 0.883 -0.051
weapon_glowstick	-584.819153 345.654053 -824.989807	-0.410 0.866 -0.090
weapon_glowstick	-2446.767090 136.848267 -825.033081	-0.607 0.816 -0.133
weapon_glowstick	-2454.251953 136.881516 -825.012695	-0.514 0.844 -0.113
weapon_glowstick	-5013.415527 -414.961639 -928.976990	-0.367 0.925 -0.084
weapon_glowstick	-5020.913086 -417.093262 -929.066650	-0.794 0.770 -0.182
weapon_glowstick	-4694.226563 -1709.809692 -928.999573	-0.475 0.912 -0.109
weapon_glowstick	-4628.956543 -951.698425 -824.945557	-0.208 0.883 -0.046
weapon_glowstick	1696.999634 -208.886826 -824.989807	-0.410 0.866 -0.090
weapon_glowstick	2277.114502 -537.884521 -785.001831	0.288 -0.898 0.392
weapon_glowstick	2293.813232 -1974.454712 -784.916748	0.710 0.014 0.511
weapon_glowstick	-1023.273743 -2448.980225 181.956421	-0.655 0.795 -0.144
weapon_glowstick	-1019.760620 -2435.315674 181.940369	-0.728 0.768 -0.160
weapon_mor_zx9	-684.837891 -2436.224609 180.028030	-2.795 -0.954 0.421
weapon_mor_zx9	-5432.712891 -1258.237549 -826.936890	-2.757 -0.949 0.285
weapon_mor_zx9	-970.988159 -3946.870850 134.083664	-2.734 -0.946 0.205
weapon_mor_zx9	-919.734009 -2438.891602 180.053726	-2.767 -0.950 0.321
weapon_mor_m418	2318.834717 -108.110832 -830.796875	1.539 -6.751 82.789
weapon_mor_m418	1453.779053 -1858.249512 -830.771240	1.540 -11.287 83.098
weapon_mor_m418	-1625.229004 -2909.772705 -687.771240	1.540 -11.293 83.098
weapon_mor_m418	-1420.351074 -3656.722412 90.270348	1.674 -14.152 83.288
weapon_mor_m418	-536.960571 -4079.171875 130.213821	1.539 6.005 82.918
weapon_mor_m418	-577.242493 -2263.337646 97.181328	1.537 2.109 82.525
weapon_mor_m418	-572.212524 -2245.062256 97.228706	1.540 -11.304 83.098
weapon_mor_blaster	-1807.533569 980.087646 -627.098511	2.241 -18.494 -84.616
weapon_mor_blaster	-990.783142 235.911865 -403.133545	2.228 -18.488 -84.257
weapon_mor_blaster	-740.314819 -2446.592041 175.878357	2.233 -18.491 -84.379
weapon_mor_blaster	-2518.224609 119.333603 -589.117554	2.234 -18.490 -84.421
weapon_mor_scarm8	-629.751221 -2265.520020 97.259308	0.315 9.321 84.997
weapon_mor_scarm8	-625.817749 -2250.981445 97.241913	0.382 9.321 84.639
weapon_mor_scarm8	-814.337341 -1634.243042 41.244991	0.391 9.632 84.674
weapon_mor_scarm8	-551.565918 99.894028 100.192795	0.571 9.313 83.631
weapon_mor_scarm8	-429.273071 969.433899 -830.753967	0.366 9.321 84.723
weapon_mor_scarm8	2324.877197 -2094.591309 -830.943115	-0.774 -9.213 -89.587
item_ammo_pistol_mor	-627.685669 216.091721 -831.538879	-0.033 -0.020 -0.010
item_ammo_pistol_mor	-636.308411 215.268051 -831.561401	-0.053 -0.020 -0.016
item_ammo_pistol_mor	-371.229370 -182.429459 -831.625427	-0.108 -0.020 -0.033
item_ammo_pistol_mor	-356.914886 -185.266312 -831.581360	-0.070 -0.020 -0.021
item_ammo_pistol_mor	-1106.380005 -700.622742 -831.664246	-0.142 -0.019 -0.043
item_ammo_pistol_mor	-1095.982666 -696.921631 -831.635132	-0.117 -0.019 -0.035
item_ammo_pistol_mor	-454.832947 -1884.471069 -831.600220	-0.086 -0.020 -0.026
item_ammo_pistol_mor	-470.806732 -1884.505981 -831.587646	-0.075 -0.020 -0.023
item_ammo_pistol_mor	121.479424 -3119.633789 -760.625427	-0.109 -0.020 -0.033
item_ammo_pistol_mor	108.472237 -3116.399170 -760.664246	-0.142 -0.019 -0.043
item_ammo_pistol_mor	-1362.966187 -2392.355957 -688.571167	-0.061 -0.020 -0.019
item_ammo_pistol_mor	-1370.340942 -2388.607178 -688.656982	-0.136 -0.019 -0.041
item_ammo_pistol_mor	-555.779175 -3932.776367 129.340591	-0.138 -0.019 -0.042
item_ammo_pistol_mor	-567.035522 -3932.754150 129.349869	-0.130 -0.019 -0.039
item_ammo_pistol_mor	-1257.898438 -2091.808594 96.381844	-0.102 -0.020 -0.031
item_ammo_pistol_mor	-1247.504028 -2091.842773 96.356476	-0.124 -0.019 -0.038
item_ammo_pistol_mor	-1237.816284 -2091.497803 96.333504	0.032 0.028 0.005
item_ammo_pistol_mor	-1260.416260 -2115.371338 96.398232	-0.088 -0.020 -0.027
item_ammo_pistol_mor	-1250.731812 -2114.967773 96.449318	-0.043 -0.020 -0.013
item_ammo_pistol_mor	-1238.450317 -2113.943848 96.401222	-0.085 -0.020 -0.026
item_ammo_pistol_mor	-1157.495850 -2262.628662 96.429932	0.349 -0.134 -0.481
item_ammo_pistol_mor	-1156.291382 -2243.138672 96.391975	-0.093 -0.020 -0.028
item_ammo_pistol_mor	-1147.507202 -2262.710938 96.438164	-0.597 0.162 -0.567
item_ammo_pistol_mor	-1147.070557 -2242.595459 96.347610	-0.132 -0.019 -0.040
item_ammo_pistol_mor	-1135.529175 -2262.767822 96.479958	-0.443 0.192 -0.249
item_ammo_pistol_mor	-1137.021851 -2244.021973 96.388504	0.244 0.017 -0.170
weapon_mor_medkit	-5302.370605 -407.066833 -935.501892	-0.503 -1.166 0.050
weapon_mor_medkit	-4855.302734 -1253.608032 -831.497986	-0.368 -0.287 0.096
weapon_mor_medkit	-5298.772461 -1807.370605 -935.522034	0.755 -2.131 0.184
weapon_mor_medkit	-3476.682617 -1110.902466 -767.530151	-0.345 2.453 0.601
weapon_mor_medkit	-2810.899414 -1387.550781 -767.505798	-0.551 -0.286 0.071
weapon_mor_medkit	-864.590393 -405.217743 -769.519287	-0.867 -0.264 0.030
weapon_mor_medkit	-433.923065 991.010986 -831.509949	-0.649 -0.283 0.058
weapon_mor_medkit	164.519714 496.902008 -767.528809	-0.962 2.157 0.100
weapon_mor_medkit	-898.610840 -11.676705 99.480423	-0.875 -0.264 0.028
weapon_mor_medkit	-919.561829 -10.375055 99.477921	-0.934 -0.246 0.021
weapon_mor_medkit	-659.714172 -1639.935059 104.482368	-0.829 -0.270 0.035
weapon_mor_medkit	-1250.638184 -2037.333862 96.482063	-0.837 -0.269 0.034
weapon_mor_medkit	-1237.485474 -2039.485352 96.492172	-0.599 -0.285 0.065
weapon_mor_medkit	-1248.398193 -2052.502441 96.481743	-0.844 -0.270 0.033
weapon_mor_medkit	-1236.526611 -2052.215576 96.497284	-0.479 -0.287 0.081
weapon_mor_medkit	-596.971924 -3954.420166 129.485947	-0.346 -2.170 0.356
weapon_mor_medkit	-609.235107 -3951.047119 129.487015	-0.720 -0.279 0.049
weapon_mor_medkit	207.132370 -3658.461670 89.493874	-1.259 -1.043 0.066
weapon_mor_medkit	-1250.003052 -2067.209229 96.464722	-1.133 -1.363 0.128
weapon_mor_medkit	-1239.298340 -2068.209229 96.484428	-0.781 -0.274 0.041
weapon_mor_medkit	2329.892578 -2080.742432 -831.514221	-0.750 -0.277 0.045
weapon_mor_medkit	1848.573853 -1334.439575 -795.512024	-0.698 -0.281 0.052
weapon_mor_medkit	1689.302124 -179.459335 -831.518860	-0.860 -0.264 0.031
weapon_mor_medkit	-1005.369141 -2453.831543 175.486282	-0.738 -0.279 0.047
weapon_mor_medkit	-1004.444397 -2427.371826 175.483871	-0.794 -0.274 0.039
mor_random_pistol	-636.410034 237.701370 -831.189392	2.981 -40.664 -83.300
mor_random_pistol	-379.938080 -211.641647 -831.075256	2.250 -18.500 -84.855
mor_random_pistol	-1127.745117 -695.894104 -831.158142	2.219 -18.436 -84.004
mor_random_pistol	-434.515472 -1886.245239 -831.138367	2.226 -18.490 -84.207
mor_random_pistol	108.394333 -3137.934326 -760.117493	2.234 -18.490 -84.421
mor_random_pistol	-1344.630493 -2394.486084 -688.172607	2.213 -18.357 -83.856
mor_random_pistol	-561.010376 -3952.243408 129.849396	2.221 -18.466 -84.082
mor_random_pistol	-308.160645 -2046.612549 96.829109	2.577 -37.684 -83.850
mor_random_pistol	-322.103485 -2044.807129 96.851219	2.222 -18.469 -84.101
mor_random_pistol	-308.255676 -2071.283936 96.839539	2.359 -29.150 -84.185
mor_random_pistol	-319.877289 -2066.994629 96.828400	2.061 -22.110 -84.133
mor_random_smg	-448.718689 -2264.382813 97.090248	0.476 6.356 -87.535
mor_random_smg	-449.124969 -2247.558105 97.095833	0.226 6.147 -87.174
mor_random_smg	-404.143738 -2265.643311 97.093224	0.319 6.183 -87.289
mor_random_smg	-403.168579 -2248.685547 97.094032	0.290 6.175 -87.253
mor_random_smg	-359.315887 -2262.460938 97.095413	0.241 6.157 -87.193
mor_random_smg	-359.314911 -2245.663818 97.094810	0.263 6.174 -87.219
mor_random_smg	-856.879578 -1308.066284 41.094032	0.290 6.175 -87.253
mor_random_smg	-668.290955 -21.260365 100.094139	0.287 6.175 -87.249
mor_random_smg	-1234.690674 -280.114929 65.096336	0.208 6.155 -87.152
mor_random_smg	-1551.221802 -1394.963135 65.094872	0.260 6.171 -87.216
mor_random_smg	-562.458191 964.411011 -702.906006	0.292 6.175 -87.255
mor_random_smg	-4345.184082 -978.567810 -830.921936	0.424 1.512 -87.633
mor_random_smg	-4945.169922 -1261.536865 -830.904053	0.225 3.698 -87.174
mor_random_smg	-5482.959473 -511.593140 -934.903625	0.208 6.168 -87.152
mor_random_smg	2326.861816 -1632.624146 -789.873108	-5.494 -4.516 -85.710
mor_random_smg	-524.655029 -4031.960693 130.096329	0.208 2.001 -87.152
mor_random_smg	-975.415344 -4403.395020 89.121170	0.054 6.482 -87.840
item_ammo_revolver_mor	-5496.029297 -1686.679688 -935.654663	-0.134 -0.019 -0.041
item_ammo_revolver_mor	-5481.821289 -1690.170654 -935.575500	-0.065 -0.020 -0.020
item_ammo_revolver_mor	-2511.698975 -481.806427 -831.557861	-0.049 -0.020 -0.015
item_ammo_revolver_mor	-2521.758545 -483.857178 -831.569092	-0.059 -0.020 -0.018
item_ammo_revolver_mor	-2530.938721 -481.510101 -831.607971	-0.093 -0.020 -0.028
item_ammo_revolver_mor	-638.336975 984.282104 -831.609619	-0.095 -0.020 -0.029
item_ammo_revolver_mor	-646.810852 984.050110 -831.595825	-0.083 -0.020 -0.025
item_ammo_revolver_mor	-658.017029 987.980042 -831.556152	-0.048 -0.020 -0.015
item_ammo_revolver_mor	-1002.939087 105.155380 99.390350	-0.095 -0.020 -0.029
item_ammo_revolver_mor	-1012.490112 106.032288 99.404129	-0.083 -0.020 -0.025
item_ammo_revolver_mor	-1027.202881 110.443047 99.411659	1.057 0.290 0.007
item_ammo_revolver_mor	-1048.097290 -4103.103027 129.385315	-0.099 -0.020 -0.030
item_ammo_revolver_mor	-1041.952881 -4103.332031 129.385315	-0.099 -0.020 -0.030
item_ammo_revolver_mor	-1034.618042 -4103.468750 129.428787	-0.061 -0.020 -0.018
item_ammo_revolver_mor	1867.611694 -1402.975830 -795.635132	-0.117 -0.019 -0.035
item_ammo_revolver_mor	1857.631470 -1402.001099 -795.656982	-0.136 -0.019 -0.041
item_ammo_revolver_mor	1848.288696 -1404.634521 -795.679688	-0.156 -0.017 -0.047
item_ammo_revolver_mor	2340.397217 -89.485382 -831.604797	-0.091 -0.020 -0.027
item_ammo_revolver_mor	2328.854736 -90.141571 -831.645691	-0.126 -0.019 -0.038
item_ammo_revolver_mor	2309.555176 -86.330856 -831.588989	-0.077 -0.020 -0.023
item_ammo_revolver_mor	1468.207031 -1891.691895 -831.635132	-0.117 -0.019 -0.035
item_ammo_revolver_mor	1451.714844 -1883.283813 -831.656982	-0.136 -0.019 -0.041
item_ammo_revolver_mor	1440.814453 -1895.758057 -831.677002	-0.154 -0.018 -0.047
item_ammo_revolver_mor	-1654.193604 -2893.140137 -688.553772	-0.768 -0.202 0.203
item_ammo_revolver_mor	-1653.508179 -2911.335449 -688.548523	-0.571 -0.100 0.475
item_ammo_revolver_mor	-1675.575684 -2915.157227 -688.629028	0.025 0.031 0.004
item_ammo_revolver_mor	-1429.820923 -3641.314209 64.374557	-0.108 -0.020 -0.033
item_ammo_revolver_mor	-1416.349243 -3642.589355 64.421516	-0.459 0.200 -0.642
item_ammo_revolver_mor	-1396.396240 -3642.562988 64.439026	-0.295 0.285 -0.484
item_ammo_revolver_mor	-514.177002 -4104.055176 129.358597	-0.122 -0.019 -0.037
item_ammo_revolver_mor	-523.670288 -4106.306641 129.383591	-0.101 -0.020 -0.030
item_ammo_revolver_mor	-533.509521 -4107.378906 129.419800	-0.069 -0.020 -0.021
item_ammo_revolver_mor	77.385269 -3638.022705 64.393570	-0.092 -0.020 -0.028
item_ammo_revolver_mor	89.287384 -3639.453857 64.462746	-0.031 -0.020 -0.010
item_ammo_revolver_mor	103.064209 -3640.849854 64.432892	-0.058 -0.020 -0.017
item_ammo_revolver_mor	-697.671692 -703.016724 40.382008	0.023 0.031 0.003
item_ammo_revolver_mor	-688.584473 -701.382019 40.399879	0.019 0.031 0.003
item_ammo_revolver_mor	-677.360657 -703.340454 40.347828	0.030 0.030 0.004
item_ammo_revolver_mor	-916.795776 85.160782 99.362778	-0.119 -0.019 -0.036
item_ammo_revolver_mor	-927.547058 87.273239 99.439499	-0.052 -0.020 -0.016
item_ammo_revolver_mor	-937.126038 89.052742 99.358604	-0.122 -0.019 -0.037
item_ammo_revolver_mor	-1063.901733 249.725174 -831.616394	-0.101 -0.020 -0.030
item_ammo_revolver_mor	-1050.208252 250.842773 -831.606384	-0.092 -0.020 -0.028
item_ammo_revolver_mor	-1041.962158 248.418396 -831.654663	-0.134 -0.019 -0.041
item_ammo_revolver_mor	-1051.734131 -4025.337158 129.399734	-0.086 -0.020 -0.026
item_ammo_revolver_mor	-1039.817749 -4025.208496 129.419800	-0.069 -0.020 -0.021
item_ammo_revolver_mor	-1027.646240 -4024.878174 129.396698	-0.089 -0.020 -0.027
item_ammo_revolver_mor	-1837.162964 -3195.347412 64.442123	-0.049 -0.020 -0.015
item_ammo_revolver_mor	-1824.697144 -3196.628174 64.396706	-0.089 -0.020 -0.027
item_ammo_revolver_mor	-1812.090576 -3195.613281 64.413620	-0.074 -0.020 -0.023
item_ammo_revolver_mor	-219.120667 -3145.011719 64.421318	0.582 -0.096 0.163
item_ammo_revolver_mor	-237.120667 -3147.645264 64.349876	-0.130 -0.019 -0.039
item_ammo_revolver_mor	-248.080154 -3148.307373 64.317558	-0.158 -0.017 -0.048
item_ammo_revolver_mor	-26.119307 -2280.632324 64.372673	-0.110 -0.020 -0.033
item_ammo_revolver_mor	-14.467961 -2278.530518 64.338196	-0.140 -0.019 -0.042
item_ammo_revolver_mor	-2.463412 -2273.044434 64.362778	-0.119 -0.019 -0.036
item_ammo_revolver_mor	-739.817566 -804.691040 40.427155	0.861 0.207 -0.187
item_ammo_revolver_mor	-749.921448 -804.853516 40.423523	0.890 0.439 0.010
item_ammo_revolver_mor	-764.685425 -805.244019 40.454330	0.399 0.251 -0.150
item_ammo_revolver_mor	-640.664490 88.089859 99.405548	-0.081 -0.020 -0.025
item_ammo_revolver_mor	-630.320190 90.282875 99.338196	-0.140 -0.019 -0.042
item_ammo_revolver_mor	-621.543335 89.024391 99.356476	-0.124 -0.019 -0.038
item_ammo_revolver_mor	227.560730 -30.993382 64.416153	-0.072 -0.020 -0.022
item_ammo_revolver_mor	217.057800 -32.153397 64.395149	-0.090 -0.020 -0.027
item_ammo_revolver_mor	206.233078 -27.417093 64.454056	1.390 0.201 0.159
item_ammo_revolver_mor	-1125.205566 1005.231201 -831.674377	-0.151 -0.018 -0.046
item_ammo_revolver_mor	-1112.831299 997.815857 -831.537781	-0.032 -0.020 -0.010
item_ammo_revolver_mor	-1102.728516 997.920410 -831.637207	-0.119 -0.019 -0.036
item_ammo_revolver_mor	-1132.968018 -308.599274 -831.594421	-0.081 -0.020 -0.025
item_ammo_revolver_mor	-1124.569214 -307.034180 -831.611267	-0.096 -0.020 -0.029
item_ammo_revolver_mor	-1113.797119 -305.557739 -831.656982	-0.136 -0.019 -0.041
item_ammo_revolver_mor	-1132.299683 -1896.586182 -831.596008	-0.218 -0.016 -0.108
item_ammo_revolver_mor	-1125.370728 -1895.375488 -831.606384	-0.092 -0.020 -0.028
item_ammo_revolver_mor	-1116.022949 -1892.030396 -831.589417	0.755 1.186 0.228
item_ammo_revolver_mor	609.485657 -2290.994629 -831.554382	0.436 -0.524 0.041
item_ammo_revolver_mor	598.075928 -2298.239746 -831.600220	-0.086 -0.020 -0.026
item_ammo_revolver_mor	590.834412 -2301.157959 -831.625427	-0.109 -0.020 -0.033
item_ammo_revolver_mor	1648.518799 -818.745789 -831.609619	-0.095 -0.020 -0.029
item_ammo_revolver_mor	1638.344116 -818.602417 -831.669189	-0.147 -0.018 -0.044
item_ammo_revolver_mor	1628.309692 -817.631897 -831.544006	0.564 -0.227 -0.087
item_ammo_revolver_mor	1704.418701 -1622.100708 -831.506104	-0.457 -0.508 0.118
item_ammo_revolver_mor	1714.967651 -1622.518677 -831.587830	2.069 -0.162 -0.102
item_ammo_revolver_mor	1725.476440 -1620.435669 -831.524109	-0.203 -0.708 0.047
item_ammo_revolver_mor	1714.381836 -640.886719 -831.548157	1.135 -1.566 -0.062
item_ammo_revolver_mor	1696.492188 -641.303528 -831.573914	1.765 -0.128 -0.099
item_ammo_revolver_mor	1725.343628 -641.190552 -831.557983	1.378 -0.420 -0.077
item_ammo_revolver_mor	80.557587 -1218.940918 -831.604797	-0.091 -0.020 -0.027
item_ammo_revolver_mor	95.159119 -1216.916016 -831.643494	-0.124 -0.019 -0.038
item_ammo_revolver_mor	102.927635 -1220.705200 -831.666687	-0.145 -0.018 -0.044
item_ammo_revolver_mor	-1668.701050 -2676.631348 -688.629028	0.025 0.031 0.004
item_ammo_revolver_mor	-1653.592773 -2677.782959 -688.582458	0.016 0.031 0.002
item_ammo_revolver_mor	-1641.292725 -2680.089600 -688.573181	0.014 0.031 0.002
item_ammo_revolver_mor	1143.389526 -1273.655884 -767.627319	0.110 0.019 -0.033
item_ammo_revolver_mor	1133.602783 -1271.931641 -767.595886	0.083 0.020 -0.025
item_ammo_revolver_mor	1121.455322 -1268.803955 -767.652405	0.132 0.019 -0.040
item_ammo_revolver_mor	1158.582886 -799.997192 -831.604797	-0.091 -0.020 -0.027
item_ammo_revolver_mor	1170.443604 -799.565674 -831.639282	-0.121 -0.019 -0.037
item_ammo_revolver_mor	1182.059326 -800.045105 -831.577820	-0.067 -0.020 -0.020
item_ammo_revolver_mor	-1203.312988 -2262.819824 96.447365	0.929 -0.693 -0.635
item_ammo_revolver_mor	-1211.626343 -2262.674072 96.437431	0.330 -0.147 -0.388
item_ammo_revolver_mor	-1221.809937 -2262.708252 96.449738	-0.631 0.144 -0.520
item_ammo_revolver_mor	-1221.334961 -2244.029053 96.449875	-0.544 0.354 -0.482
item_ammo_revolver_mor	-1211.333496 -2243.982666 96.429535	-0.463 0.300 -0.592
item_ammo_revolver_mor	-1204.855957 -2244.070313 96.433182	0.318 -0.187 -0.403
item_ammo_revolver_mor	-1189.801270 -2262.677002 96.478577	-0.292 0.161 -0.219
item_ammo_revolver_mor	-1175.243774 -2262.687256 96.434052	0.708 -0.134 -0.636
item_ammo_revolver_mor	-1191.903809 -2243.929199 96.408318	-0.079 -0.020 -0.024
item_ammo_revolver_mor	-1173.610596 -2244.014160 96.446259	-0.579 0.243 -0.523
item_ammo_revolver_mor	-577.661560 -2464.581299 175.402176	-0.126 -0.017 -0.098
item_ammo_revolver_mor	-590.130493 -2464.586914 175.382538	-0.098 -0.004 -0.013
item_ammo_revolver_mor	-591.701355 -2436.754150 175.349884	-0.130 -0.019 -0.039
item_ammo_revolver_mor	-580.197327 -2436.177979 175.393585	-0.092 -0.020 -0.028
weapon_frag	143.130005 431.341003 -12.000000	0.000 0.000 0.000
weapon_frag	-514.517883 -4140.198730 131.122360	-36.154 -56.334 -90.630
weapon_frag	-529.387268 -4136.411621 131.197647	-37.304 -55.137 -92.451
weapon_frag	-304.468903 -2009.661133 98.096649	-35.761 -56.714 -90.029
weapon_frag	-319.297485 -2006.617065 98.102127	-35.845 -56.634 -90.157
weapon_frag	-300.334381 -2023.355591 98.748543	17.157 -30.878 -104.127
weapon_frag	-320.099640 -2019.905518 98.085144	-35.585 -56.869 -89.764
weapon_frag	-820.662598 -1700.864868 42.193996	-37.248 -55.201 -92.361
weapon_frag	-851.035217 -672.669922 42.157436	-36.690 -55.794 -91.466
weapon_frag	-978.588135 107.875015 101.122215	-36.152 -56.337 -90.627
weapon_frag	-962.089844 114.009766 101.090614	-35.669 -56.800 -89.890
weapon_frag	-666.538086 -1374.472656 -765.893677	15.523 -25.947 -89.462
weapon_frag	-1224.363647 835.791443 -767.813904	-37.128 -55.326 -92.167
player_start	-1677.074097 -1139.756714 -832.434204	0.050 0.000 -0.058
player_start	-2768.618896 -106.023659 -831.416382	-0.038 0.001 -0.089
player_start	-4080.626465 -1129.873291 -832.450562	0.079 0.000 -0.081
player_start	-5189.378418 -1097.891846 -831.446167	0.072 0.000 -0.075
player_start	-5062.769531 -545.710205 -935.438477	0.027 -0.000 -0.027
player_start	-2845.470215 -911.142700 -831.454529	0.086 0.000 -0.087
player_start	-732.478149 -490.605133 -831.449036	0.078 0.000 -0.078
player_start	670.502869 -1092.461670 -832.455322	0.087 0.000 -0.089
player_start	959.975952 -2021.130005 -831.452881	0.083 0.000 -0.085
player_start	2038.883057 -1053.324097 -831.439758	0.060 0.000 -0.065
player_start	2064.319824 -1861.090454 -831.434692	0.051 0.000 -0.059
player_start	-219.748886 603.835205 -831.448303	0.075 0.000 -0.078
player_start	-1373.240112 -2723.488281 -688.453674	0.084 0.000 -0.086
player_start	-408.164612 -2829.908203 64.580482	0.062 -1.473 0.000
player_start	-89.658554 -3524.425049 64.561989	-0.060 0.000 -0.060
player_start	-798.290039 -4273.070801 88.564743	0.052 0.000 -0.060
player_start	-1704.535278 -3400.349121 64.550919	0.078 -0.000 -0.078
player_start	-1679.194824 -1916.067871 64.545464	0.086 0.000 -0.087
player_start	-1654.779785 -802.802917 64.548653	0.080 0.000 -0.082
player_start	-1013.534119 -178.007736 64.589752	-0.033 1.733 0.001
player_start	-762.915710 -900.899841 40.560837	0.059 0.000 -0.065
player_start	-457.087646 -1868.868530 64.554482	0.072 -0.000 -0.072
player_start	100.728333 -1639.971802 64.540306	0.094 0.000 -0.095
player_start	-610.554688 459.751068 -15.454536	0.086 0.000 -0.087
player_start	-208.233047 -85.513763 -831.449036	0.077 0.000 -0.079
player_start	-1330.594116 -2094.397705 -831.415649	-0.049 0.001 -0.098
player_start	-136.341171 -2836.027588 -760.422791	0.017 0.000 -0.055
player_start	-794.890869 -1367.102539 -831.432678	0.047 0.000 -0.057
player_start	-1662.316162 -2951.992676 64.550919	0.077 0.000 -0.079
